1
0.148642,-0.427111,0.463226 - -32.056deg,-122.555deg,-199.032deg - (-3.19726e-07, -2.86348e-07, -4.90129e-07, -4.77832e-07,
 -5.07697e-07, -6.0256e-07, -6.55263e-07, -6.64046e-07, -4.67292e-07, -0.00523721, -0.0442302, -0.0745471, -0.0130862, -3.7
2428e-07, -3.51347e-07, -3.72428e-07, -3.97022e-07, -5.42832e-07, 8.02828e-07, 1.25607e-06, 1.17174e-06, 8.66071e-07, -2.85
118e-06, -3.40104e-06, -4.05103e-06, -5.18237e-07, 7.94045e-07, -8.78367e-08, 1.28769e-06, 6.44722e-07, 7.55395e-08, 8.8890
8e-07, -9.60935e-07, 9.39854e-07, 1.11026e-06, 7.5364e-07)

2
0.0444976,-0.54665,0.0551224 - 328.188deg,-65.8657deg,-129.412deg - (0.131862, 0.137399, 0.120622, 0.0907833, 0.0748624, 0.
075495, 0.0626948, 0.0465748, 0.0243149, 0.0385275, 0.0117809, 0.189937, 0.248261, 0.190234, 0.175797, 0.194113, 0.148552,
0.0643705, 0.0683953, 0.0464774, -0.00900085, -0.0397839, -0.0282332, -0.0205828, 0.0730553, 0.076926, 0.0455088, 0.0454033
, 0.0756889, 0.0847366, 0.089943, 0.130472, 0.17118, 0.171336, 0.138415, 0.138941)